0.346875 622.709
0.48125 622.764
0.075 622.404
0.09375 622.426
0.18125 622.513
0.240625 622.471
0.38125 622.4
0.184375 622.49
0.11875 622.465
4.055 626.378
3.8675 660.755
1.4875 719.689
3.42562 741.319
0.19 752.233
2.075 778.206
1.38437 780.123
1.8425 815.61
0.4275 816.712
0.5725 857.958
6.5775 890.864
1.185 947.555
1.07562 948.351
7.79562 988.555
0.928125 1003.05
0.7275 1003.34
0.665 1002.81
1.05875 1002.34
1.54187 1002.98
0.661875 1003.1
3.41625 1003.96
3.91 856.933
1.78313 817.067
0.858125 781.028
2.945 752.596
2.3675 721.362
3.08375 713.197
1.2375 665.769
3.14625 644.198
0.2875 640.083
0.296875 622.608
2.14063 615.987
2.17937 598.976
0.48875 561.026
0.1775 561.049
0.305 560.945
1.88375 563.393
2.335 556.417
0.4725 546.568
0.6025 546.505
1.92188 564.526
1.00562 601.271
0.071875 622.418
0.29375 640.19
0.23125 640.318
0.61875 640.127
1.11563 600.88
0.13875 514.133
0.0375 501.242
1.95562 474.435
1.58125 464.438
0.05625 461.053
1.05375 463.831
0.046875 474.015
0.71625 500.709
1.29063 538.773
0.80375 599.953
2.39813 663.988
3 751.997
8.915 970.455
0.505625 1054.82
0.791875 1055.12
8.2525 1087.03
1.01937 1121.76
1.93 1125.21
3.98625 1187.71
4.43125 1245.6
1.41687 1281.64
7.21375 1296.13
5.64688 1325.4
2.10687 1329.23
1.50063 1330.94
2.3975 1331.56
1.38062 1329.75
1.28 1330.74
1.59563 1330.97
2.05062 1379.39
7.16063 1427.84
3.35938 1442.43
1.98313 1503.5
6.49625 1480.57
1.375 1503.7
8.6175 1481.8
6.93812 1480.78
1.25313 1504.77
2.615 1557.87
4.68937 1002.85
4.98313 1002.48
4.98125 1001.81
8.98187 1045.23
7.19375 1057.13
7.30437 1131.7
5.28562 1176.06
6.92187 1176.26
6.61563 1177.67
5.05625 1187.38
4.34188 1201.35
6.54437 1274.72
6.68313 1273.56
5.34375 1322.68
4.41875 1331.01
5.61438 1353.47
6.06062 1367.83
8.73187 1378.25
5.5675 1378.31
4.115 1379.04
7.5125 1406.76
7.57375 1426.4
9.07187 1456.89
3.99625 1503.18
7.50188 1535.68
3.855 1558.35
4.19563 1559.36
3.49562 1558.9
3.0375 1559.55
11.0144 1602.56
13.2825 1604.96
7.75938 1597.69
8.59188 1600.28
9.07375 1615.31
8.7125 1614.69
4.46312 1632.56
3.28813 1634.13
2.6975 1633.76
2.2375 1633.52
3.45313 1633.42
4.28563 1634.95
7.19375 1668.75
2.85375 1713.34
4.00688 1712.9
6.4975 1747.96
12.7581 1730.03
3.73375 1713.85
2.67312 1714.55
3.61188 1713.34
3.48813 1714.96
12.8744 1728.67
9.87687 1938.15
9.80188 1934.23
14.8206 1923.53
13.2987 1921.26
14.6506 1922.9
0.816875 2005.84
15.0981 2031.86
8.755 2085.2
7.63687 2109.87
14.2125 2174.38
11.25 2090.62
18.0069 2400.45
25.0894 2399.17
16.7681 2352.01
22.0294 2353.77
14.275 2402.86
15.0269 2254.7
16.8744 2219.02
12.87 2252.62
18.3731 2255.36
15.1613 2255
11.2594 2253.09
8.87688 2246.71
20.0144 2218.32
15.0963 2566.43
