40 582
40 343
40 328
40 267
40 246
40 362
40 227
40 208
40 269
40 267
40 277
40 713
40 293
40 369
40 353
40 321
40 586
40 345
40 345
40 368
40 352
40 508
40 533
40 748
40 275
40 215
40 175
40 274
40 262
40 537
30 177
30 560
30 111
30 103
30 125
30 165
30 250
30 260
30 623
30 641
30 567
30 338
30 563
30 201
30 347
30 139
30 156
30 248
30 493
30 428
30 157
30 413
30 214
30 239
30 247
30 382
30 283
30 282
30 295
30 292
30 567
30 570
30 163
30 120
30 136
30 113
30 114
30 117
30 117
30 129
30 166
20 300
20 76
20 115
20 66
20 279
20 129
20 109
20 184
20 165
20 444
20 70
20 113
20 272
20 238
20 260
20 242
20 283
20 494
20 168
20 259
20 118
20 281
20 161
20 96
20 81
20 87
20 255
20 165
20 113
20 132
20 123
20 460
20 75
20 67
20 156
20 532
20 257
20 104
20 64
20 79
20 75
20 81
20 77
20 144
20 74
20 137
20 273
20 279
20 77
20 362
20 289
20 150
20 87
25 302
25 80
25 83
25 89
25 96
25 95
25 84
25 82
25 98
25 149
25 91
25 126
25 149
25 294
25 151
25 137
25 464
25 192
25 157
25 404
25 321
25 228
25 217
25 304
25 234
25 171
25 163
25 119
25 118
25 103
25 147
25 88
25 101
25 90
25 83
25 86
25 91
25 123
25 80
50 478
50 304
50 309
50 356
50 327
50 680
50 281
50 272
50 275
50 536
50 475
50 308
50 311
50 391
50 330
50 320
50 534
50 402
50 446
50 493
50 363
50 281
50 278
50 725
50 268
50 397
50 443
50 299
50 327
50 283
50 297
50 299
50 480
50 299
50 710
50 393
50 423
50 433
50 1099
50 514
50 541
50 989
50 561
50 854
50 479
50 582
50 550
50 511
50 511
50 513
50 520
50 371
50 328
60 1398
60 489
60 530
60 1039
60 471
60 331
60 328
60 647
60 385
60 330
60 418
60 624
60 496
60 564
60 534
60 328
60 593
60 329
60 378
60 346
60 355
60 363
60 703
60 460
60 480
60 453
60 460
60 378
60 454
60 1226
60 748
60 757
60 565
60 473
60 359
60 656
60 362
60 388
60 1097
60 965
60 625
60 754
60 777
60 915
60 2304
60 2076
60 2069
60 2027
60 707
60 481
60 426
60 472
60 423
60 478
60 426
60 875
60 592
60 881
60 880
60 3670
60 701
60 528
60 679
60 706
60 705
60 754
70 801
70 938
70 928
70 918
70 850
70 988
70 1008
70 1019
70 1044
70 963
70 1005
70 880
70 1028
70 1146
70 922
70 1910
70 1297
70 2805
70 523
70 1064
70 857
70 1029
70 566
70 1061
70 581
70 1106
70 785
70 604
70 603
70 609
70 1088
70 1170
70 633
70 516
70 539
70 525
70 595
70 549
70 535
70 517
70 964
70 542
70 1271
70 510
70 566
70 514
70 532
70 580
70 1020
70 881
70 1329
70 538
70 631
70 518
70 584
70 563
70 633
70 536
70 653
70 512
70 596
70 601
70 606
70 619
70 547
70 971
70 1051
70 514
70 531
70 593
90 2725
90 2445
90 1530
90 2388
90 1492
90 2325
90 1610
90 1360
90 1326
90 1315
90 1342
90 1251
90 1895
90 2126
90 1315
90 1207
90 2363
90 1660
90 6530
90 2049
90 1722
90 1923
90 3763
90 2112
90 2240
90 2177
90 2309
90 1815
90 2670
90 1289
90 2662
90 1881
90 1722
90 2075
90 2999
90 1142
90 2096
90 1452
90 1377
90 1586
90 2656
90 1523
90 1762
90 1007
90 1872
90 1992
90 1455
90 1144
90 2083
90 1926
90 990
90 915
90 4055
90 920
90 1861
90 1958
90 1064
90 1069
90 1966
90 2058
90 1231
90 2359
80 3785
80 2476
80 2047
80 1612
80 1277
80 1239
80 1237
80 1436
80 1626
80 1296
80 1633
80 2299
80 1141
80 1179
80 1110
80 1408
80 1153
80 1270
80 1312
80 1393
80 1326
80 1565
80 1693
80 2031
80 2282
80 2237
80 1767
80 1103
80 1260
80 1655
80 2199
80 865
80 855
80 1819
80 900
80 812
80 879
80 1603
80 1008
80 797
80 1583
80 1717
80 805
80 736
80 735
80 838
80 1465
80 824
80 1664
80 991
80 778
80 801
80 1457
80 736
80 1739
80 852
80 940
80 1512
80 904
80 848
80 926
80 1093
80 1110
80 1035
80 934
80 1693
80 1769
80 1277
80 1059
80 1157
80 988
80 852
80 1020
80 900
80 759
80 674
80 760
80 1367
80 755
80 799
80 765
80 701
80 2399
80 868
80 669
80 1316
80 1165
35 923
35 425
35 176
35 134
35 208
35 150
35 147
35 711
35 606
35 754
35 746
35 311
35 190
35 222
35 260
35 177
35 203
35 155
35 149
35 143
35 210
35 145
35 245
35 149
35 148
35 139
35 141
35 134
35 234
35 134
35 152
35 136
35 135
35 128
35 127
35 136
35 151
35 147
35 146
35 149
35 150
35 141
35 163
35 176
35 389
35 356
35 654
35 589
35 150
35 157
35 271
35 163
35 259
35 155
35 259
35 162
35 166
35 172
35 303
35 168
35 254
35 216
35 716
35 308
35 254
35 356
35 307
35 256
35 156
45 366
45 592
45 609
45 458
45 292
45 296
45 309
45 512
45 267
45 232
45 231
45 346
45 422
45 218
45 232
45 432
45 436
45 277
45 294
45 480
45 338
45 384
45 837
45 419
45 874
45 367
45 395
45 435
45 237
45 239
45 219
45 247
45 225
45 226
45 536
45 527
45 694
45 415
45 817
45 451
45 354
45 313
45 414
45 549
45 212
45 488
45 236
45 256
45 256
45 283
45 324
45 465
45 541
45 300
45 250
45 258
45 258
45 266
45 257
45 263
45 259
45 265
45 286
45 288
45 285
45 257
45 253
45 512
45 250
55 729
55 592
55 423
55 821
55 324
55 304
55 638
55 315
55 447
55 1296
55 594
55 1434
55 2060
55 403
55 578
55 783
55 784
55 302
55 552
55 1110
55 348
55 271
55 271
55 301
55 344
55 355
55 304
55 710
55 1369
55 412
55 425
55 342
55 312
55 510
55 303
55 520
55 492
55 698
55 396
55 779
55 502
55 671
55 395
55 383
55 381
55 746
55 723
55 480
55 501
55 501
55 558
55 999
55 799
55 1017
55 1059
55 641
55 1463
55 485
55 1915
55 601
55 541
55 614
55 369
55 1113
55 345
55 335
55 332
55 355
55 331
55 553
55 352
55 1300
55 383
55 373
55 387
55 537
55 347
55 334
55 339
55 707
55 330
55 337
55 355
55 539
55 381
55 343
55 347
55 352
55 626
55 1302
55 335
55 376
55 367
55 374
55 357
55 375
